header: 
  seq: 32
  stamp: 
    secs: 1731640889
    nsecs: 299716227
  frame_id: "head_camera_rgb_optical_frame"
height: 480
width: 640
distortion_model: "plumb_bob"
D: [0.0, 0.0, 0.0, 0.0, 0.0]
K: [574.0527954101562, 0.0, 319.5, 0.0, 574.0527954101562, 239.5, 0.0, 0.0, 1.0]
R: [1.0, 0.0, 0.0, 0.0, 1.0, 0.0, 0.0, 0.0, 1.0]
P: [574.0527954101562, 0.0, 319.5, 0.0, 0.0, 574.0527954101562, 239.5, 0.0, 0.0, 0.0, 1.0, 0.0]
binning_x: 0
binning_y: 0
roi: 
  x_offset: 0
  y_offset: 0
  height: 0
  width: 0
  do_rectify: False
---
